17 1 0
1 17 36
51 33 52
33 51 50
49 31 50
31 49 48
2 1 41
67 66 58
66 67 62
3 2 31
49 59 60
59 49 61
4 3 48
35 54 53
54 35 13
5 4 48
31 29 30
29 31 40
6 5 59
37 40 41
40 37 38
7 6 58
8 7 57
9 8 56
41 1 36
10 9 56
31 41 40
41 31 2
11 10 55
37 19 20
19 37 18
12 11 54
27 39 21
39 27 28
13 12 54
36 18 37
18 36 17
14 13 35
15 14 45
29 40 39
16 15 45
44 24 25
24 44 23
0 18 17
42 29 28
29 42 47
46 44 45
44 46 47
22 23 43
23 22 20
20 19 23
27 42 28
42 27 22
47 35 29
35 47 46
20 21 38
21 20 22
42 22 43
44 47 43
21 22 27
43 23 44
23 19 24
25 16 26
16 45 26
25 26 45
35 30 29
30 35 34
28 29 39
34 52 33
52 34 53
59 5 60
57 66 56
66 57 58
50 31 32
31 30 32
48 3 31
8 57 56
32 30 33
53 65 52
65 53 55
32 33 50
33 30 34
34 35 53
14 35 46
40 38 39
36 37 41
37 20 38
38 21 39
14 46 45
44 25 45
42 43 47
5 48 60
48 49 60
57 7 58
49 50 61
50 51 61
52 65 63
51 52 63
64 11 55
11 64 54
53 54 64
10 56 55
55 53 64
51 63 66
55 56 65
59 67 58
67 59 61
58 6 59
61 51 67
67 51 62
62 51 66
66 63 65
65 56 66
